t=0:1/500:1.20367;
xin=0.832848*t.^4-1.72666*t.^5+1.20348*t.^6-0.285653*t.^7;
yin=0.411004*t.^4-0.848433*t.^5+0.589231*t.^6-0.139607*t.^7;
zin=4.3626*t.^4-8.02347*t.^5+5.27481*t.^6-1.20938*t.^7;
ts=[t];
xins=[xin];
yins=[yin];
zins=[zin];

t=0:1/500:1.39935;
xin=-0.149141*t.^1-0.134608*t.^2-0.0175285*t.^3-2.17877*t.^4+3.93034*t.^5-2.37529*t.^6+0.487337*t.^7;
yin=-0.077144*t.^1-0.0777131*t.^2-0.0188344*t.^3-0.70314*t.^4+1.00636*t.^5-0.514888*t.^6+0.0927063*t.^7;
zin=0.5+0.440461*t.^1-0.081984*t.^2-0.116844*t.^3-1.53838*t.^4+2.47463*t.^5-1.36944*t.^6+0.263393*t.^7;
ts=[ts 1.20367+t];
xins=[xins xin];
yins=[yins yin];
zins=[zins zin];

t=0:1/500:1.3624;
xin=-0.5-0.012876*t.^1+0.185585*t.^2-0.0205929*t.^3+0.789539*t.^4-1.13473*t.^5+0.590816*t.^6-0.108697*t.^7;
yin=-0.5-0.521826*t.^1-0.0104919*t.^2-0.0241408*t.^3-0.494533*t.^4+1.28085*t.^5-0.910668*t.^6+0.207379*t.^7;
zin=0.5-0.137313*t.^1+0.0754433*t.^2+0.0286866*t.^3+0.19348*t.^4-0.327731*t.^5+0.177371*t.^6-0.0330612*t.^7;
ts=[ts 2.6030+t];
xins=[xins xin];
yins=[yins yin];
zins=[zins zin];

t=0:1/500:1.29387;
xin=0.590821*t.^1+0.0177605*t.^2-0.00586113*t.^3+0.524592*t.^4-1.53727*t.^5+1.19257*t.^6-0.291994*t.^7;
yin=-1+0.0132049*t.^1+0.152778*t.^2+0.00371847*t.^3+1.98454*t.^4-3.47301*t.^5+2.13239*t.^6-0.453618*t.^7;
zin=0.5+0.0548397*t.^1-0.0327681*t.^2-0.0159661*t.^3-0.0662387*t.^4+0.122721*t.^5-0.0677818*t.^6+0.0127061*t.^7;
ts=[ts 3.96542+t];
xins=[xins xin];
yins=[yins yin];
zins=[zins zin];

t=0:1/500:1.26367;
xin=0.5-0.0322012*t.^1-0.134951*t.^2-0.00476974*t.^3-1.93497*t.^4+3.39274*t.^5-2.10415*t.^6+0.453869*t.^7;
yin=-0.5+0.451126*t.^1-0.0261397*t.^2+0.0148841*t.^3+0.601052*t.^4-1.34921*t.^5+0.968261*t.^6-0.230516*t.^7;
zin=0.5-0.0217914*t.^1+0.0162344*t.^2+0.00565815*t.^3+0.0786492*t.^4-0.163052*t.^5+0.107831*t.^6-0.024105*t.^7;
ts=[ts 5.25929+t];
xins=[xins xin];
yins=[yins yin];
zins=[zins zin];

t=0:1/500:1.25438;
xin=-0.502111*t.^1-7.22E-15*t.^2-0.0203045*t.^3-1.73375*t.^4+3.87536*t.^5-2.77092*t.^6+0.65924*t.^7;
yin=0.255298*t.^1+6.53E-15*t.^2+0.0118359*t.^3+1.05111*t.^4-1.81042*t.^5+1.11847*t.^6-0.241602*t.^7;
zin=0.5-5.67E-15*t.^1-0.00567065*t.^2+4.03E-15*t.^3-0.0558094*t.^4+0.123972*t.^5-0.0859765*t.^6+0.0198541*t.^7;
ts=[ts 6.52296+t];
xins=[xins xin];
yins=[yins yin];
zins=[zins zin];

t=0:1/500:1.33801;
xin=-0.5+0.0322012*t.^1+0.134951*t.^2+0.00269789*t.^3+0.781159*t.^4-1.12474*t.^5+0.584326*t.^6-0.107366*t.^7;
yin=0.5+0.451126*t.^1+0.0150303*t.^2+0.0148841*t.^3+1.03287*t.^4-2.18707*t.^5+1.46484*t.^6-0.325982*t.^7;
zin=0.5+0.0191704*t.^1+0.0162344*t.^2-0.00282907*t.^3+0.0808142*t.^4-0.215371*t.^5+0.154965*t.^6-0.035498*t.^7;
ts=[ts 7.77734+t];
xins=[xins xin];
yins=[yins yin];
zins=[zins zin];

t=0:1/500:1.33801;
xin=0+0.590821*t.^1+0.0177605*t.^2-0.00251191*t.^3+0.636615*t.^4-1.67673*t.^5+1.22557*t.^6-0.286347*t.^7;
yin=1+0.0170756*t.^1-0.152778*t.^2-0.00190136*t.^3-1.42862*t.^4+2.3002*t.^5-1.31494*t.^6+0.262443*t.^7;
zin=0.5-0.0681167*t.^1-0.0327681*t.^2+0.0159661*t.^3+0.0163781*t.^4+0.13597*t.^5-0.143421*t.^6+0.0389345*t.^7;
ts=[ts 9.11535+t];
xins=[xins xin];
yins=[yins yin];
zins=[zins zin];

t=0:1/500:1.37517;
xin=0.5-0.112436*t.^1-0.185585*t.^2-0.0205929*t.^3-2.23302*t.^4+4.15094*t.^5-2.57015*t.^6+0.538999*t.^7;
yin=0.5-0.521826*t.^1+0.0104919*t.^2-0.0241408*t.^3-0.434982*t.^4+1.13023*t.^5-0.80468*t.^6+0.18277*t.^7;
zin=0.5+0.139358*t.^1+0.0754433*t.^2+0.034381*t.^3+0.867322*t.^4-2.11289*t.^5+1.46461*t.^6-0.326827*t.^7;
ts=[ts 10.45336+t];
xins=[xins xin];
yins=[yins yin];
zins=[zins zin];

t=0:1/500:1.17383;
xin=-0.0668803*t.^1+0.134608*t.^2-0.0175285*t.^3-0.0901785*t.^4+0.0029561*t.^5+0.0602155*t.^6-0.0232904*t.^7;
yin=-0.0366434*t.^1+0.0777131*t.^2-0.0188344*t.^3-0.046709*t.^4+0.0104186*t.^5+0.0245163*t.^6-0.0105112*t.^7;
zin=0.5-0.472038*t.^1-0.0755315*t.^2+0.116844*t.^3-3.23053*t.^4+7.2325*t.^5-5.44632*t.^6+1.3781*t.^7;
ts=3*[ts 11.82853+t];
xins=[xins xin];
yins=[yins yin];
zins=[zins zin];

xd=[ts;xins]';
yd=[ts;-yins]';
zd=[ts;-zins]';
yawd=0;
